
R version 3.1.1 (2014-07-10) -- "Sock it to Me"
Copyright (C) 2014 The R Foundation for Statistical Computing
Platform: x86_64-apple-darwin13.1.0 (64-bit)

R은 자유 소프트웨어이며, 어떠한 형태의 보증없이 배포됩니다.
또한, 일정한 조건하에서 이것을 재배포 할 수 있습니다.
배포와 관련된 상세한 내용은 'license()' 또는 'licence()'을 통하여 확인할 수 있습니다.

R은 많은 기여자들이 참여하는 공동프로젝트입니다.
'contributors()'라고 입력하시면 이에 대한 더 많은 정보를 확인하실 수 있습니다.
그리고, R 또는 R 패키지들을 출판물에 인용하는 방법에 대해서는 'citation()'을 통해 확인하시길 부탁드립니다.

'demo()'를 입력하신다면 몇가지 데모를 보실 수 있으며, 'help()'를 입력하시면 온라인 도움말을 이용하실 수 있습니다.
또한, 'help.start()'의 입력을 통하여 HTML 브라우저에 의한 도움말을 사용하실수 있습니다
R의 종료를 원하시면 'q()'을 입력해주세요.

[R.app GUI 1.65 (6784) x86_64-apple-darwin13.1.0]

[Workspace restored from /Users/coop2711/.RData]
[History restored from /Users/coop2711/.Rapp.history]

R > c(160,12,11,4,5,52,1)/245
[1] 0.653061224 0.048979592 0.044897959 0.016326531 0.020408163 0.212244898 0.004081633
R > c(192,160,12,11,4,5,52,1)/245
[1] 0.783673469 0.653061224 0.048979592 0.044897959 0.016326531 0.020408163 0.212244898 0.004081633
R > c(90,42,45,3,64,52,6,3,4,4)/160
 [1] 0.56250 0.26250 0.28125 0.01875 0.40000 0.32500 0.03750 0.01875 0.02500 0.02500
R > setwd("~/Dropbox/works/생활 속의 통계학/R.WD/")
R > tax<-read.table("tax.txt",header=FALSE,sep="")
R > tax
         V1        V2        V3        V4          V5        V6        V7        V8        V9       V10       V11
1  95792820 103967752 114664218 117795746 127465698.2 138044246 161459124 167305992 164541586 177718351 192381241
2  74027342  82225916  92231159  95276356 104427868.0 113879497 132508138 136556310 136476881 143506090 159601755
3  18662955  19160496  20787302  23434004  24650520.0  31004340  38855971  36355129  34423256  37461850  42287703
4  16975148  19243149  25632684  24678343  29805494.0  29362222  35417342  39154491  35251404  37268222  44872821
5    948392    856163   1315058   1708246   1872827.0   2389292   2841917   2777061   2430313   3076144   3332699
6  25834726  31608756  33447038  34571755  36118641.0  38092857  40941908  43819769  46991507  49121210  51906874
7   3633613   4288222   4732985   4574032   4399528.0   4903453   5161140   4499380   3642025   5065791   5537255
8   2468163   2655001   2726181   2588795   2595099.0   2405598   2262282   2829350   2764092   2878235   2529303
9   1797919   2035805   1606461   1301580   2370525.0   2525685   3468795   2787538   3533932   3667144   4278696
10  1710296   1876415   1525975   1996863   2117241.0   2569144   2970784   3760688   6896637   4445574   4232386
11 10534875   9479279  10000473  10065117  10287765.0   9593771  11463503  11909295  10092007  13970114  11545953
12  3782502   3531576   3651326   3529521   3526591.7   3424545   3861189   4179572   3754232   4645009   4246430
13  1525650   2128893   1931665   2071143   2473007.7   2959664   3800942   3754938   3842039   3901437   4894858
14        0         0         0         0    441327.6   1327511   2414256   2129863   1207102   1028932   1101864
15  5923381   6601282   6847339   6796491   6317689.5   6858419   7410763   8775691   9169127  10666286  10990142
R > tax.cho<-round(tax/1000000,digits=1)
R > tax.cho
     V1    V2    V3    V4    V5    V6    V7    V8    V9   V10   V11
1  95.8 104.0 114.7 117.8 127.5 138.0 161.5 167.3 164.5 177.7 192.4
2  74.0  82.2  92.2  95.3 104.4 113.9 132.5 136.6 136.5 143.5 159.6
3  18.7  19.2  20.8  23.4  24.7  31.0  38.9  36.4  34.4  37.5  42.3
4  17.0  19.2  25.6  24.7  29.8  29.4  35.4  39.2  35.3  37.3  44.9
5   0.9   0.9   1.3   1.7   1.9   2.4   2.8   2.8   2.4   3.1   3.3
6  25.8  31.6  33.4  34.6  36.1  38.1  40.9  43.8  47.0  49.1  51.9
7   3.6   4.3   4.7   4.6   4.4   4.9   5.2   4.5   3.6   5.1   5.5
8   2.5   2.7   2.7   2.6   2.6   2.4   2.3   2.8   2.8   2.9   2.5
9   1.8   2.0   1.6   1.3   2.4   2.5   3.5   2.8   3.5   3.7   4.3
10  1.7   1.9   1.5   2.0   2.1   2.6   3.0   3.8   6.9   4.4   4.2
11 10.5   9.5  10.0  10.1  10.3   9.6  11.5  11.9  10.1  14.0  11.5
12  3.8   3.5   3.7   3.5   3.5   3.4   3.9   4.2   3.8   4.6   4.2
13  1.5   2.1   1.9   2.1   2.5   3.0   3.8   3.8   3.8   3.9   4.9
14  0.0   0.0   0.0   0.0   0.4   1.3   2.4   2.1   1.2   1.0   1.1
15  5.9   6.6   6.8   6.8   6.3   6.9   7.4   8.8   9.2  10.7  11.0
R > dimnames(tax.cho)[[2]]<-paste(2001:2011)
R > tax.cho
   2001  2002  2003  2004  2005  2006  2007  2008  2009  2010  2011
1  95.8 104.0 114.7 117.8 127.5 138.0 161.5 167.3 164.5 177.7 192.4
2  74.0  82.2  92.2  95.3 104.4 113.9 132.5 136.6 136.5 143.5 159.6
3  18.7  19.2  20.8  23.4  24.7  31.0  38.9  36.4  34.4  37.5  42.3
4  17.0  19.2  25.6  24.7  29.8  29.4  35.4  39.2  35.3  37.3  44.9
5   0.9   0.9   1.3   1.7   1.9   2.4   2.8   2.8   2.4   3.1   3.3
6  25.8  31.6  33.4  34.6  36.1  38.1  40.9  43.8  47.0  49.1  51.9
7   3.6   4.3   4.7   4.6   4.4   4.9   5.2   4.5   3.6   5.1   5.5
8   2.5   2.7   2.7   2.6   2.6   2.4   2.3   2.8   2.8   2.9   2.5
9   1.8   2.0   1.6   1.3   2.4   2.5   3.5   2.8   3.5   3.7   4.3
10  1.7   1.9   1.5   2.0   2.1   2.6   3.0   3.8   6.9   4.4   4.2
11 10.5   9.5  10.0  10.1  10.3   9.6  11.5  11.9  10.1  14.0  11.5
12  3.8   3.5   3.7   3.5   3.5   3.4   3.9   4.2   3.8   4.6   4.2
13  1.5   2.1   1.9   2.1   2.5   3.0   3.8   3.8   3.8   3.9   4.9
14  0.0   0.0   0.0   0.0   0.4   1.3   2.4   2.1   1.2   1.0   1.1
15  5.9   6.6   6.8   6.8   6.3   6.9   7.4   8.8   9.2  10.7  11.0
R > dimnames(tax.cho)[[1]]<-c("국세","내국세","소득세","법인세","상속증여세","부가가치세","특별소비세","주세","증권거래세","과년도수입","교통세","교육세","농어촌특별세","종합부동산세","관세")
R > tax.cho
             2001  2002  2003  2004  2005  2006  2007  2008  2009  2010  2011
국세         95.8 104.0 114.7 117.8 127.5 138.0 161.5 167.3 164.5 177.7 192.4
내국세       74.0  82.2  92.2  95.3 104.4 113.9 132.5 136.6 136.5 143.5 159.6
소득세       18.7  19.2  20.8  23.4  24.7  31.0  38.9  36.4  34.4  37.5  42.3
법인세       17.0  19.2  25.6  24.7  29.8  29.4  35.4  39.2  35.3  37.3  44.9
상속증여세    0.9   0.9   1.3   1.7   1.9   2.4   2.8   2.8   2.4   3.1   3.3
부가가치세   25.8  31.6  33.4  34.6  36.1  38.1  40.9  43.8  47.0  49.1  51.9
특별소비세    3.6   4.3   4.7   4.6   4.4   4.9   5.2   4.5   3.6   5.1   5.5
주세          2.5   2.7   2.7   2.6   2.6   2.4   2.3   2.8   2.8   2.9   2.5
증권거래세    1.8   2.0   1.6   1.3   2.4   2.5   3.5   2.8   3.5   3.7   4.3
과년도수입    1.7   1.9   1.5   2.0   2.1   2.6   3.0   3.8   6.9   4.4   4.2
교통세       10.5   9.5  10.0  10.1  10.3   9.6  11.5  11.9  10.1  14.0  11.5
교육세        3.8   3.5   3.7   3.5   3.5   3.4   3.9   4.2   3.8   4.6   4.2
농어촌특별세  1.5   2.1   1.9   2.1   2.5   3.0   3.8   3.8   3.8   3.9   4.9
종합부동산세  0.0   0.0   0.0   0.0   0.4   1.3   2.4   2.1   1.2   1.0   1.1
관세          5.9   6.6   6.8   6.8   6.3   6.9   7.4   8.8   9.2  10.7  11.0
R > tax.cho$tax.items<-c("국세","내국세","소득세","법인세","상속증여세","부가가치세","특별소비세","주세","증권거래세","과년도수입","교통세","교육세","농어촌특별세","종합부동산세","관세")
R > dimnames(tax.cho)[[1]]<-c("")
다음에 오류가 있습니다`dimnames<-.data.frame`(`*tmp*`, value = list("", c("2001", "2002",  : 
  invalid 'dimnames' given for data frame
R > dimnames(tax.cho)[[1]]<-""
다음에 오류가 있습니다`dimnames<-.data.frame`(`*tmp*`, value = list("", c("2001", "2002",  : 
  invalid 'dimnames' given for data frame
R > dimnames(tax.cho)[[1]]<-NULL
다음에 오류가 있습니다`dimnames<-.data.frame`(`*tmp*`, value = list(c("2001", "2002",  : 
  invalid 'dimnames' given for data frame
R > str(tax.cho)
'data.frame':	15 obs. of  12 variables:
 $ 2001     : num  95.8 74 18.7 17 0.9 25.8 3.6 2.5 1.8 1.7 ...
 $ 2002     : num  104 82.2 19.2 19.2 0.9 31.6 4.3 2.7 2 1.9 ...
 $ 2003     : num  114.7 92.2 20.8 25.6 1.3 ...
 $ 2004     : num  117.8 95.3 23.4 24.7 1.7 ...
 $ 2005     : num  127.5 104.4 24.7 29.8 1.9 ...
 $ 2006     : num  138 113.9 31 29.4 2.4 ...
 $ 2007     : num  161.5 132.5 38.9 35.4 2.8 ...
 $ 2008     : num  167.3 136.6 36.4 39.2 2.8 ...
 $ 2009     : num  164.5 136.5 34.4 35.3 2.4 ...
 $ 2010     : num  177.7 143.5 37.5 37.3 3.1 ...
 $ 2011     : num  192.4 159.6 42.3 44.9 3.3 ...
 $ tax.items: chr  "국세" "내국세" "소득세" "법인세" ...
R > tax.cho
             2001  2002  2003  2004  2005  2006  2007  2008  2009  2010  2011    tax.items
국세         95.8 104.0 114.7 117.8 127.5 138.0 161.5 167.3 164.5 177.7 192.4         국세
내국세       74.0  82.2  92.2  95.3 104.4 113.9 132.5 136.6 136.5 143.5 159.6       내국세
소득세       18.7  19.2  20.8  23.4  24.7  31.0  38.9  36.4  34.4  37.5  42.3       소득세
법인세       17.0  19.2  25.6  24.7  29.8  29.4  35.4  39.2  35.3  37.3  44.9       법인세
상속증여세    0.9   0.9   1.3   1.7   1.9   2.4   2.8   2.8   2.4   3.1   3.3   상속증여세
부가가치세   25.8  31.6  33.4  34.6  36.1  38.1  40.9  43.8  47.0  49.1  51.9   부가가치세
특별소비세    3.6   4.3   4.7   4.6   4.4   4.9   5.2   4.5   3.6   5.1   5.5   특별소비세
주세          2.5   2.7   2.7   2.6   2.6   2.4   2.3   2.8   2.8   2.9   2.5         주세
증권거래세    1.8   2.0   1.6   1.3   2.4   2.5   3.5   2.8   3.5   3.7   4.3   증권거래세
과년도수입    1.7   1.9   1.5   2.0   2.1   2.6   3.0   3.8   6.9   4.4   4.2   과년도수입
교통세       10.5   9.5  10.0  10.1  10.3   9.6  11.5  11.9  10.1  14.0  11.5       교통세
교육세        3.8   3.5   3.7   3.5   3.5   3.4   3.9   4.2   3.8   4.6   4.2       교육세
농어촌특별세  1.5   2.1   1.9   2.1   2.5   3.0   3.8   3.8   3.8   3.9   4.9 농어촌특별세
종합부동산세  0.0   0.0   0.0   0.0   0.4   1.3   2.4   2.1   1.2   1.0   1.1 종합부동산세
관세          5.9   6.6   6.8   6.8   6.3   6.9   7.4   8.8   9.2  10.7  11.0         관세
R > dimnames(tax.cho)[[1]]<-1:15
R > tax.cho
   2001  2002  2003  2004  2005  2006  2007  2008  2009  2010  2011    tax.items
1  95.8 104.0 114.7 117.8 127.5 138.0 161.5 167.3 164.5 177.7 192.4         국세
2  74.0  82.2  92.2  95.3 104.4 113.9 132.5 136.6 136.5 143.5 159.6       내국세
3  18.7  19.2  20.8  23.4  24.7  31.0  38.9  36.4  34.4  37.5  42.3       소득세
4  17.0  19.2  25.6  24.7  29.8  29.4  35.4  39.2  35.3  37.3  44.9       법인세
5   0.9   0.9   1.3   1.7   1.9   2.4   2.8   2.8   2.4   3.1   3.3   상속증여세
6  25.8  31.6  33.4  34.6  36.1  38.1  40.9  43.8  47.0  49.1  51.9   부가가치세
7   3.6   4.3   4.7   4.6   4.4   4.9   5.2   4.5   3.6   5.1   5.5   특별소비세
8   2.5   2.7   2.7   2.6   2.6   2.4   2.3   2.8   2.8   2.9   2.5         주세
9   1.8   2.0   1.6   1.3   2.4   2.5   3.5   2.8   3.5   3.7   4.3   증권거래세
10  1.7   1.9   1.5   2.0   2.1   2.6   3.0   3.8   6.9   4.4   4.2   과년도수입
11 10.5   9.5  10.0  10.1  10.3   9.6  11.5  11.9  10.1  14.0  11.5       교통세
12  3.8   3.5   3.7   3.5   3.5   3.4   3.9   4.2   3.8   4.6   4.2       교육세
13  1.5   2.1   1.9   2.1   2.5   3.0   3.8   3.8   3.8   3.9   4.9 농어촌특별세
14  0.0   0.0   0.0   0.0   0.4   1.3   2.4   2.1   1.2   1.0   1.1 종합부동산세
15  5.9   6.6   6.8   6.8   6.3   6.9   7.4   8.8   9.2  10.7  11.0         관세
R > tax.cho[,c(12,1:11)]
      tax.items 2001  2002  2003  2004  2005  2006  2007  2008  2009  2010  2011
1          국세 95.8 104.0 114.7 117.8 127.5 138.0 161.5 167.3 164.5 177.7 192.4
2        내국세 74.0  82.2  92.2  95.3 104.4 113.9 132.5 136.6 136.5 143.5 159.6
3        소득세 18.7  19.2  20.8  23.4  24.7  31.0  38.9  36.4  34.4  37.5  42.3
4        법인세 17.0  19.2  25.6  24.7  29.8  29.4  35.4  39.2  35.3  37.3  44.9
5    상속증여세  0.9   0.9   1.3   1.7   1.9   2.4   2.8   2.8   2.4   3.1   3.3
6    부가가치세 25.8  31.6  33.4  34.6  36.1  38.1  40.9  43.8  47.0  49.1  51.9
7    특별소비세  3.6   4.3   4.7   4.6   4.4   4.9   5.2   4.5   3.6   5.1   5.5
8          주세  2.5   2.7   2.7   2.6   2.6   2.4   2.3   2.8   2.8   2.9   2.5
9    증권거래세  1.8   2.0   1.6   1.3   2.4   2.5   3.5   2.8   3.5   3.7   4.3
10   과년도수입  1.7   1.9   1.5   2.0   2.1   2.6   3.0   3.8   6.9   4.4   4.2
11       교통세 10.5   9.5  10.0  10.1  10.3   9.6  11.5  11.9  10.1  14.0  11.5
12       교육세  3.8   3.5   3.7   3.5   3.5   3.4   3.9   4.2   3.8   4.6   4.2
13 농어촌특별세  1.5   2.1   1.9   2.1   2.5   3.0   3.8   3.8   3.8   3.9   4.9
14 종합부동산세  0.0   0.0   0.0   0.0   0.4   1.3   2.4   2.1   1.2   1.0   1.1
15         관세  5.9   6.6   6.8   6.8   6.3   6.9   7.4   8.8   9.2  10.7  11.0
R > dimnames(tax.cho)[[2]][12]<-"세목"
R > tax.cho[,c(12,1:11)]
           세목 2001  2002  2003  2004  2005  2006  2007  2008  2009  2010  2011
1          국세 95.8 104.0 114.7 117.8 127.5 138.0 161.5 167.3 164.5 177.7 192.4
2        내국세 74.0  82.2  92.2  95.3 104.4 113.9 132.5 136.6 136.5 143.5 159.6
3        소득세 18.7  19.2  20.8  23.4  24.7  31.0  38.9  36.4  34.4  37.5  42.3
4        법인세 17.0  19.2  25.6  24.7  29.8  29.4  35.4  39.2  35.3  37.3  44.9
5    상속증여세  0.9   0.9   1.3   1.7   1.9   2.4   2.8   2.8   2.4   3.1   3.3
6    부가가치세 25.8  31.6  33.4  34.6  36.1  38.1  40.9  43.8  47.0  49.1  51.9
7    특별소비세  3.6   4.3   4.7   4.6   4.4   4.9   5.2   4.5   3.6   5.1   5.5
8          주세  2.5   2.7   2.7   2.6   2.6   2.4   2.3   2.8   2.8   2.9   2.5
9    증권거래세  1.8   2.0   1.6   1.3   2.4   2.5   3.5   2.8   3.5   3.7   4.3
10   과년도수입  1.7   1.9   1.5   2.0   2.1   2.6   3.0   3.8   6.9   4.4   4.2
11       교통세 10.5   9.5  10.0  10.1  10.3   9.6  11.5  11.9  10.1  14.0  11.5
12       교육세  3.8   3.5   3.7   3.5   3.5   3.4   3.9   4.2   3.8   4.6   4.2
13 농어촌특별세  1.5   2.1   1.9   2.1   2.5   3.0   3.8   3.8   3.8   3.9   4.9
14 종합부동산세  0.0   0.0   0.0   0.0   0.4   1.3   2.4   2.1   1.2   1.0   1.1
15         관세  5.9   6.6   6.8   6.8   6.3   6.9   7.4   8.8   9.2  10.7  11.0
2014-09-21 05:05:59.688 R[9409:707] -deltaZ is deprecated for NSEventTypeMagnify.  Please use -magnification.
R > local.tax<-read.table("local_tax.csv",header=TRUE,sep=",")
R > local.tax
       X2001      X2002      X2003      X2004      X2005      X2006      X2007      X2008      X2009      X2010      X2011
1 26,664,879 31,525,744 33,132,943 34,201,705 35,977,359 41,293,702 43,524,289 45,479,732 45,167,790 49,159,805 52,300,144
R > local.tax[,12]<-"지방세"
R > local.tax
       X2001      X2002      X2003      X2004      X2005      X2006      X2007      X2008      X2009      X2010      X2011    V12
1 26,664,879 31,525,744 33,132,943 34,201,705 35,977,359 41,293,702 43,524,289 45,479,732 45,167,790 49,159,805 52,300,144 지방세
R > dimnames(local.tax)[[2]]<-dimnames(tax.cho)[[2]]
R > local.tax
        2001       2002       2003       2004       2005       2006       2007       2008       2009       2010       2011   세목
1 26,664,879 31,525,744 33,132,943 34,201,705 35,977,359 41,293,702 43,524,289 45,479,732 45,167,790 49,159,805 52,300,144 지방세
R > local.tax.cho<-round(local.tax/1000000,digits=1)
다음에 오류가 있습니다FUN(left, right) : 이항연산자에 수치가 아닌 인수입니다
R > local.tax.cho[,1:11]<-round(local.tax[,1:11]/1000000,digits=1)
다음에 오류가 있습니다FUN(left, right) : 이항연산자에 수치가 아닌 인수입니다
R > str(local.tax)
'data.frame':	1 obs. of  12 variables:
 $ 2001: chr "26,664,879"
 $ 2002: chr "31,525,744"
 $ 2003: chr "33,132,943"
 $ 2004: chr "34,201,705"
 $ 2005: chr "35,977,359"
 $ 2006: chr "41,293,702"
 $ 2007: chr "43,524,289"
 $ 2008: chr "45,479,732"
 $ 2009: chr "45,167,790"
 $ 2010: chr "49,159,805"
 $ 2011: chr "52,300,144"
 $ 세목: chr "지방세"
R > local.tax<-read.table("local_tax.csv",header=TRUE,sep=",")
R > str(local.tax)
'data.frame':	1 obs. of  11 variables:
 $ X2001: chr "26,664,879"
 $ X2002: chr "31,525,744"
 $ X2003: chr "33,132,943"
 $ X2004: chr "34,201,705"
 $ X2005: chr "35,977,359"
 $ X2006: chr "41,293,702"
 $ X2007: chr "43,524,289"
 $ X2008: chr "45,479,732"
 $ X2009: chr "45,167,790"
 $ X2010: chr "49,159,805"
 $ X2011: chr "52,300,144"
R > local.tax<-read.table("local_tax.txt",header=TRUE,sep="")
경고메시지:
In read.table("local_tax.txt", header = TRUE, sep = "") :
  'local_tax.txt'에서 readTableHeader에 의하여 발견된 완성되지 않은 마지막 라인입니다
R > local.tax<-read.table("local_tax.txt",header=TRUE,sep="")
R > local.tax
     X2001    X2002    X2003    X2004    X2005    X2006    X2007    X2008    X2009    X2010    X2011
1 26664879 31525744 33132943 34201705 35977359 41293702 43524289 45479732 45167790 49159805 52300144
R > local.tax.cho<-round(local.tax/1000000,digits=1)
R > local.tax
     X2001    X2002    X2003    X2004    X2005    X2006    X2007    X2008    X2009    X2010    X2011
1 26664879 31525744 33132943 34201705 35977359 41293702 43524289 45479732 45167790 49159805 52300144
R > local.tax/1000000
     X2001    X2002    X2003   X2004    X2005   X2006    X2007    X2008    X2009   X2010    X2011
1 26.66488 31.52574 33.13294 34.2017 35.97736 41.2937 43.52429 45.47973 45.16779 49.1598 52.30014
R > local.tax.cho<-round(local.tax/1000000,digits=1)
R > local.tax
     X2001    X2002    X2003    X2004    X2005    X2006    X2007    X2008    X2009    X2010    X2011
1 26664879 31525744 33132943 34201705 35977359 41293702 43524289 45479732 45167790 49159805 52300144
R > str(local.tax)
'data.frame':	1 obs. of  11 variables:
 $ X2001: int 26664879
 $ X2002: int 31525744
 $ X2003: int 33132943
 $ X2004: int 34201705
 $ X2005: int 35977359
 $ X2006: int 41293702
 $ X2007: int 43524289
 $ X2008: int 45479732
 $ X2009: int 45167790
 $ X2010: int 49159805
 $ X2011: int 52300144
R > local.tax.cho<-round(local.tax/1000000.0,digits=1)
R > local.tax
     X2001    X2002    X2003    X2004    X2005    X2006    X2007    X2008    X2009    X2010    X2011
1 26664879 31525744 33132943 34201705 35977359 41293702 43524289 45479732 45167790 49159805 52300144
R > round(local.tax/1000000,digits=1)
  X2001 X2002 X2003 X2004 X2005 X2006 X2007 X2008 X2009 X2010 X2011
1  26.7  31.5  33.1  34.2    36  41.3  43.5  45.5  45.2  49.2  52.3
R > local.tax<-round(local.tax/1000000,digits=1)
R > local.tax
  X2001 X2002 X2003 X2004 X2005 X2006 X2007 X2008 X2009 X2010 X2011
1  26.7  31.5  33.1  34.2    36  41.3  43.5  45.5  45.2  49.2  52.3
R > national.tax<-tax.cho[,1:11]
R > national.tax
   2001  2002  2003  2004  2005  2006  2007  2008  2009  2010  2011
1  95.8 104.0 114.7 117.8 127.5 138.0 161.5 167.3 164.5 177.7 192.4
2  74.0  82.2  92.2  95.3 104.4 113.9 132.5 136.6 136.5 143.5 159.6
3  18.7  19.2  20.8  23.4  24.7  31.0  38.9  36.4  34.4  37.5  42.3
4  17.0  19.2  25.6  24.7  29.8  29.4  35.4  39.2  35.3  37.3  44.9
5   0.9   0.9   1.3   1.7   1.9   2.4   2.8   2.8   2.4   3.1   3.3
6  25.8  31.6  33.4  34.6  36.1  38.1  40.9  43.8  47.0  49.1  51.9
7   3.6   4.3   4.7   4.6   4.4   4.9   5.2   4.5   3.6   5.1   5.5
8   2.5   2.7   2.7   2.6   2.6   2.4   2.3   2.8   2.8   2.9   2.5
9   1.8   2.0   1.6   1.3   2.4   2.5   3.5   2.8   3.5   3.7   4.3
10  1.7   1.9   1.5   2.0   2.1   2.6   3.0   3.8   6.9   4.4   4.2
11 10.5   9.5  10.0  10.1  10.3   9.6  11.5  11.9  10.1  14.0  11.5
12  3.8   3.5   3.7   3.5   3.5   3.4   3.9   4.2   3.8   4.6   4.2
13  1.5   2.1   1.9   2.1   2.5   3.0   3.8   3.8   3.8   3.9   4.9
14  0.0   0.0   0.0   0.0   0.4   1.3   2.4   2.1   1.2   1.0   1.1
15  5.9   6.6   6.8   6.8   6.3   6.9   7.4   8.8   9.2  10.7  11.0
R > dimnames(local.tax)[[2]]<-dimnames(national.tax)[[2]]
R > total.tax<-rbind(national.tax,local.tax)
R > total.tax
   2001  2002  2003  2004  2005  2006  2007  2008  2009  2010  2011
1  95.8 104.0 114.7 117.8 127.5 138.0 161.5 167.3 164.5 177.7 192.4
2  74.0  82.2  92.2  95.3 104.4 113.9 132.5 136.6 136.5 143.5 159.6
3  18.7  19.2  20.8  23.4  24.7  31.0  38.9  36.4  34.4  37.5  42.3
4  17.0  19.2  25.6  24.7  29.8  29.4  35.4  39.2  35.3  37.3  44.9
5   0.9   0.9   1.3   1.7   1.9   2.4   2.8   2.8   2.4   3.1   3.3
6  25.8  31.6  33.4  34.6  36.1  38.1  40.9  43.8  47.0  49.1  51.9
7   3.6   4.3   4.7   4.6   4.4   4.9   5.2   4.5   3.6   5.1   5.5
8   2.5   2.7   2.7   2.6   2.6   2.4   2.3   2.8   2.8   2.9   2.5
9   1.8   2.0   1.6   1.3   2.4   2.5   3.5   2.8   3.5   3.7   4.3
10  1.7   1.9   1.5   2.0   2.1   2.6   3.0   3.8   6.9   4.4   4.2
11 10.5   9.5  10.0  10.1  10.3   9.6  11.5  11.9  10.1  14.0  11.5
12  3.8   3.5   3.7   3.5   3.5   3.4   3.9   4.2   3.8   4.6   4.2
13  1.5   2.1   1.9   2.1   2.5   3.0   3.8   3.8   3.8   3.9   4.9
14  0.0   0.0   0.0   0.0   0.4   1.3   2.4   2.1   1.2   1.0   1.1
15  5.9   6.6   6.8   6.8   6.3   6.9   7.4   8.8   9.2  10.7  11.0
16 26.7  31.5  33.1  34.2  36.0  41.3  43.5  45.5  45.2  49.2  52.3
R > ?rowsum
starting httpd help server ... done
R > direct.tax<-rowsum(total.tax,3:5)
다음에 오류가 있습니다rowsum.data.frame(total.tax, 3:5) : 
  'group'의 길이가 잘못되었습니다
R > direct.tax<-colsum(total.tax,3:5)
에러: 함수 "colsum"를 찾을 수 없습니다
R > ?colsum
No documentation for ‘colsum’ in specified packages and libraries:
you could try ‘??colsum’
R > ?rowsum
R > direct.tax<-apply(total.tax[3:5,],2,sum)
R > direct.tax
2001 2002 2003 2004 2005 2006 2007 2008 2009 2010 2011 
36.6 39.3 47.7 49.8 56.4 62.8 77.1 78.4 72.1 77.9 90.5 
R > rbind(direct.tax,total.tax[3:5,])
  2001 2002 2003 2004 2005 2006 2007 2008 2009 2010 2011
1 36.6 39.3 47.7 49.8 56.4 62.8 77.1 78.4 72.1 77.9 90.5
3 18.7 19.2 20.8 23.4 24.7 31.0 38.9 36.4 34.4 37.5 42.3
4 17.0 19.2 25.6 24.7 29.8 29.4 35.4 39.2 35.3 37.3 44.9
5  0.9  0.9  1.3  1.7  1.9  2.4  2.8  2.8  2.4  3.1  3.3
R > indirect.tax<-apply(total.tax[6:9,],2,sum)
R > rbind(indirect.tax,total.tax[6:9,])
  2001 2002 2003 2004 2005 2006 2007 2008 2009 2010 2011
1 33.7 40.6 42.4 43.1 45.5 47.9 51.9 53.9 56.9 60.8 64.2
6 25.8 31.6 33.4 34.6 36.1 38.1 40.9 43.8 47.0 49.1 51.9
7  3.6  4.3  4.7  4.6  4.4  4.9  5.2  4.5  3.6  5.1  5.5
8  2.5  2.7  2.7  2.6  2.6  2.4  2.3  2.8  2.8  2.9  2.5
9  1.8  2.0  1.6  1.3  2.4  2.5  3.5  2.8  3.5  3.7  4.3
R > ls()
 [1] "a"                 "cx"                "direct.tax"        "gdp"               "gdp_capita"        "gini"              "grdp_gw"           "grdp_gw_capita"    "grdp_yg"          
[10] "indirect.tax"      "indx"              "jobs"              "jobs.bus"          "jobs.kr"           "jobs.specialty"    "jobs.village"      "legend.gini"       "local.tax"        
[19] "local.tax.cho"     "n"                 "national.tax"      "p"                 "p.x"               "pop_gw"            "rate.gdp"          "rate.grdp"         "rate.grdp_yg"     
[28] "revenue"           "revenue.bus"       "revenue.specialty" "s"                 "tax"               "tax.cho"           "total.tax"         "v"                 "x"                
[37] "x.euro2010"        "x.usa2010"         "x.usa2030"         "y"                 "y.euro2010"        "y.usa2010"         "y.usa2030"         "year"             
R > national.vs.local.tax<-total.tax[c(1,16),]
R > national.vs.local.tax
   2001  2002  2003  2004  2005  2006  2007  2008  2009  2010  2011
1  95.8 104.0 114.7 117.8 127.5 138.0 161.5 167.3 164.5 177.7 192.4
16 26.7  31.5  33.1  34.2  36.0  41.3  43.5  45.5  45.2  49.2  52.3
R > national.item.tax<-national.tax[c(1,2,10:15),]
R > national.item.tax<-national.tax[c(1,2,11:15,10),]
R > national.item.tax
   2001  2002  2003  2004  2005  2006  2007  2008  2009  2010  2011
1  95.8 104.0 114.7 117.8 127.5 138.0 161.5 167.3 164.5 177.7 192.4
2  74.0  82.2  92.2  95.3 104.4 113.9 132.5 136.6 136.5 143.5 159.6
11 10.5   9.5  10.0  10.1  10.3   9.6  11.5  11.9  10.1  14.0  11.5
12  3.8   3.5   3.7   3.5   3.5   3.4   3.9   4.2   3.8   4.6   4.2
13  1.5   2.1   1.9   2.1   2.5   3.0   3.8   3.8   3.8   3.9   4.9
14  0.0   0.0   0.0   0.0   0.4   1.3   2.4   2.1   1.2   1.0   1.1
15  5.9   6.6   6.8   6.8   6.3   6.9   7.4   8.8   9.2  10.7  11.0
10  1.7   1.9   1.5   2.0   2.1   2.6   3.0   3.8   6.9   4.4   4.2
R > ls(patt="tax")
 [1] "direct.tax"            "indirect.tax"          "local.tax"             "local.tax.cho"         "national.item.tax"     "national.tax"          "national.vs.local.tax"
 [8] "tax"                   "tax.cho"               "total.tax"            
R > direct.tax
2001 2002 2003 2004 2005 2006 2007 2008 2009 2010 2011 
36.6 39.3 47.7 49.8 56.4 62.8 77.1 78.4 72.1 77.9 90.5 
R > indirect.item.tax<-rbind(indirect.tax,total.tax[6:9,])
R > direct.item.tax<-rbind(direct.tax,total.tax[3:5,])
R > ls(patt="tax")
 [1] "direct.item.tax"       "direct.tax"            "indirect.item.tax"     "indirect.tax"          "local.tax"             "local.tax.cho"         "national.item.tax"    
 [8] "national.tax"          "national.vs.local.tax" "tax"                   "tax.cho"               "total.tax"            
R > tax
         V1        V2        V3        V4          V5        V6        V7        V8        V9       V10       V11
1  95792820 103967752 114664218 117795746 127465698.2 138044246 161459124 167305992 164541586 177718351 192381241
2  74027342  82225916  92231159  95276356 104427868.0 113879497 132508138 136556310 136476881 143506090 159601755
3  18662955  19160496  20787302  23434004  24650520.0  31004340  38855971  36355129  34423256  37461850  42287703
4  16975148  19243149  25632684  24678343  29805494.0  29362222  35417342  39154491  35251404  37268222  44872821
5    948392    856163   1315058   1708246   1872827.0   2389292   2841917   2777061   2430313   3076144   3332699
6  25834726  31608756  33447038  34571755  36118641.0  38092857  40941908  43819769  46991507  49121210  51906874
7   3633613   4288222   4732985   4574032   4399528.0   4903453   5161140   4499380   3642025   5065791   5537255
8   2468163   2655001   2726181   2588795   2595099.0   2405598   2262282   2829350   2764092   2878235   2529303
9   1797919   2035805   1606461   1301580   2370525.0   2525685   3468795   2787538   3533932   3667144   4278696
10  1710296   1876415   1525975   1996863   2117241.0   2569144   2970784   3760688   6896637   4445574   4232386
11 10534875   9479279  10000473  10065117  10287765.0   9593771  11463503  11909295  10092007  13970114  11545953
12  3782502   3531576   3651326   3529521   3526591.7   3424545   3861189   4179572   3754232   4645009   4246430
13  1525650   2128893   1931665   2071143   2473007.7   2959664   3800942   3754938   3842039   3901437   4894858
14        0         0         0         0    441327.6   1327511   2414256   2129863   1207102   1028932   1101864
15  5923381   6601282   6847339   6796491   6317689.5   6858419   7410763   8775691   9169127  10666286  10990142
R > items.tax<-c("국세","내국세","소득세","법인세","상속증여세","부가가치세","특별소비세","주세","증권거래세","과년도수입","교통세","교육세","농어촌특별세","종합부동산세","관세","지방세")
R > items.tax
 [1] "국세"         "내국세"       "소득세"       "법인세"       "상속증여세"   "부가가치세"   "특별소비세"   "주세"         "증권거래세"   "과년도수입"   "교통세"       "교육세"      
[13] "농어촌특별세" "종합부동산세" "관세"         "지방세"      
R > save("tax.rda",list=ls(patt="tax"))
다음에 오류가 있습니다save("tax.rda", list = ls(patt = "tax")) : 
  객체 ‘tax.rda’를 찾을 수 없습니다
R > save(file="tax.rda",list=ls(patt="tax"))
R > ls(patt="tax")
 [1] "direct.item.tax"       "direct.tax"            "indirect.item.tax"     "indirect.tax"          "items.tax"             "local.tax"             "local.tax.cho"        
 [8] "national.item.tax"     "national.tax"          "national.vs.local.tax" "tax"                   "tax.cho"               "total.tax"            
R > national.vs.local.tax
   2001  2002  2003  2004  2005  2006  2007  2008  2009  2010  2011
1  95.8 104.0 114.7 117.8 127.5 138.0 161.5 167.3 164.5 177.7 192.4
16 26.7  31.5  33.1  34.2  36.0  41.3  43.5  45.5  45.2  49.2  52.3
R > 
R > 
R > national.item.tax
   2001  2002  2003  2004  2005  2006  2007  2008  2009  2010  2011
1  95.8 104.0 114.7 117.8 127.5 138.0 161.5 167.3 164.5 177.7 192.4
2  74.0  82.2  92.2  95.3 104.4 113.9 132.5 136.6 136.5 143.5 159.6
11 10.5   9.5  10.0  10.1  10.3   9.6  11.5  11.9  10.1  14.0  11.5
12  3.8   3.5   3.7   3.5   3.5   3.4   3.9   4.2   3.8   4.6   4.2
13  1.5   2.1   1.9   2.1   2.5   3.0   3.8   3.8   3.8   3.9   4.9
14  0.0   0.0   0.0   0.0   0.4   1.3   2.4   2.1   1.2   1.0   1.1
15  5.9   6.6   6.8   6.8   6.3   6.9   7.4   8.8   9.2  10.7  11.0
10  1.7   1.9   1.5   2.0   2.1   2.6   3.0   3.8   6.9   4.4   4.2
R > 
R > 
R > colSum(national.vs.local.tax)
에러: 함수 "colSum"를 찾을 수 없습니다
R > colSums(national.vs.local.tax)
 2001  2002  2003  2004  2005  2006  2007  2008  2009  2010  2011 
122.5 135.5 147.8 152.0 163.5 179.3 205.0 212.8 209.7 226.9 244.7 
R > national.vs.local.tax/colSums(national.vs.local.tax)*100
       2001     2002     2003     2004     2005     2006      2007      2008     2009     2010     2011
1  78.20408 70.36536 70.15291 57.46341 60.80114 56.39559 119.18819 110.06579 91.74568 83.50564 84.79506
16 19.70480 20.72368 18.46068 16.07143 15.86602 33.71429  29.43166  27.82875 22.04878 23.46209 21.37311
R > round(national.vs.local.tax/colSums(national.vs.local.tax)*100,digits=1)
   2001 2002 2003 2004 2005 2006  2007  2008 2009 2010 2011
1  78.2 70.4 70.2 57.5 60.8 56.4 119.2 110.1 91.7 83.5 84.8
16 19.7 20.7 18.5 16.1 15.9 33.7  29.4  27.8 22.0 23.5 21.4
R > round(national.vs.local.tax[1,]/colSums(national.vs.local.tax)*100,digits=1)
  2001 2002 2003 2004 2005 2006 2007 2008 2009 2010 2011
1 78.2 76.8 77.6 77.5   78   77 78.8 78.6 78.4 78.3 78.6
R > round(national.vs.local.tax[2,]/colSums(national.vs.local.tax)*100,digits=1)
   2001 2002 2003 2004 2005 2006 2007 2008 2009 2010 2011
16 21.8 23.2 22.4 22.5   22   23 21.2 21.4 21.6 21.7 21.4
R > round(national.vs.local.tax[1:2,]/colSums(national.vs.local.tax)*100,digits=1)
   2001 2002 2003 2004 2005 2006  2007  2008 2009 2010 2011
1  78.2 70.4 70.2 57.5 60.8 56.4 119.2 110.1 91.7 83.5 84.8
16 19.7 20.7 18.5 16.1 15.9 33.7  29.4  27.8 22.0 23.5 21.4
R > apply(national.vs.local.tax,1,"/",colSums(national.vs.local.tax))
             1        16
2001 0.7820408 0.2179592
2002 0.7675277 0.2324723
2003 0.7760487 0.2239513
2004 0.7750000 0.2250000
2005 0.7798165 0.2201835
2006 0.7696598 0.2303402
2007 0.7878049 0.2121951
2008 0.7861842 0.2138158
2009 0.7844540 0.2155460
2010 0.7831644 0.2168356
2011 0.7862689 0.2137311
R > apply(national.vs.local.tax,2,"/",colSums(national.vs.local.tax))
          2001      2002      2003      2004      2005      2006      2007      2008      2009      2010      2011
2001 0.7820408 0.8489796 0.9363265 0.9616327 1.0408163 1.1265306 1.3183673 1.3657143 1.3428571 1.4506122 1.5706122
2002 0.1970480 0.2324723 0.2442804 0.2523985 0.2656827 0.3047970 0.3210332 0.3357934 0.3335793 0.3630996 0.3859779
2003 0.6481732 0.7036536 0.7760487 0.7970230 0.8626522 0.9336942 1.0926928 1.1319350 1.1129905 1.2023004 1.3017591
2004 0.1756579 0.2072368 0.2177632 0.2250000 0.2368421 0.2717105 0.2861842 0.2993421 0.2973684 0.3236842 0.3440789
2005 0.5859327 0.6360856 0.7015291 0.7204893 0.7798165 0.8440367 0.9877676 1.0232416 1.0061162 1.0868502 1.1767584
2006 0.1489124 0.1756832 0.1846068 0.1907418 0.2007808 0.2303402 0.2426102 0.2537646 0.2520915 0.2744004 0.2916899
2007 0.4673171 0.5073171 0.5595122 0.5746341 0.6219512 0.6731707 0.7878049 0.8160976 0.8024390 0.8668293 0.9385366
2008 0.1254699 0.1480263 0.1555451 0.1607143 0.1691729 0.1940789 0.2044173 0.2138158 0.2124060 0.2312030 0.2457707
2009 0.4568431 0.4959466 0.5469719 0.5617549 0.6080114 0.6580830 0.7701478 0.7978064 0.7844540 0.8474010 0.9175012
2010 0.1176730 0.1388277 0.1458792 0.1507272 0.1586602 0.1820185 0.1917144 0.2005289 0.1992067 0.2168356 0.2304980
2011 0.3914998 0.4250102 0.4687372 0.4814058 0.5210462 0.5639559 0.6599918 0.6836943 0.6722517 0.7261953 0.7862689
11건의 경고들이 있습니다 (이들을 확인하기 위해서는 warnings()를 이용하세요)
R > t(round(apply(national.vs.local.tax,1,"/",colSums(national.vs.local.tax)),digits=1))
   2001 2002 2003 2004 2005 2006 2007 2008 2009 2010 2011
1   0.8  0.8  0.8  0.8  0.8  0.8  0.8  0.8  0.8  0.8  0.8
16  0.2  0.2  0.2  0.2  0.2  0.2  0.2  0.2  0.2  0.2  0.2
R > t(round(apply(national.vs.local.tax,1,"/",colSums(national.vs.local.tax))*100,digits=1))
   2001 2002 2003 2004 2005 2006 2007 2008 2009 2010 2011
1  78.2 76.8 77.6 77.5   78   77 78.8 78.6 78.4 78.3 78.6
16 21.8 23.2 22.4 22.5   22   23 21.2 21.4 21.6 21.7 21.4
R > 
R > 
R > 
R > national.item.tax
   2001  2002  2003  2004  2005  2006  2007  2008  2009  2010  2011
1  95.8 104.0 114.7 117.8 127.5 138.0 161.5 167.3 164.5 177.7 192.4
2  74.0  82.2  92.2  95.3 104.4 113.9 132.5 136.6 136.5 143.5 159.6
11 10.5   9.5  10.0  10.1  10.3   9.6  11.5  11.9  10.1  14.0  11.5
12  3.8   3.5   3.7   3.5   3.5   3.4   3.9   4.2   3.8   4.6   4.2
13  1.5   2.1   1.9   2.1   2.5   3.0   3.8   3.8   3.8   3.9   4.9
14  0.0   0.0   0.0   0.0   0.4   1.3   2.4   2.1   1.2   1.0   1.1
15  5.9   6.6   6.8   6.8   6.3   6.9   7.4   8.8   9.2  10.7  11.0
10  1.7   1.9   1.5   2.0   2.1   2.6   3.0   3.8   6.9   4.4   4.2
R > direct.item.tax
  2001 2002 2003 2004 2005 2006 2007 2008 2009 2010 2011
1 36.6 39.3 47.7 49.8 56.4 62.8 77.1 78.4 72.1 77.9 90.5
3 18.7 19.2 20.8 23.4 24.7 31.0 38.9 36.4 34.4 37.5 42.3
4 17.0 19.2 25.6 24.7 29.8 29.4 35.4 39.2 35.3 37.3 44.9
5  0.9  0.9  1.3  1.7  1.9  2.4  2.8  2.8  2.4  3.1  3.3
R > indirect.item.tax
  2001 2002 2003 2004 2005 2006 2007 2008 2009 2010 2011
1 33.7 40.6 42.4 43.1 45.5 47.9 51.9 53.9 56.9 60.8 64.2
6 25.8 31.6 33.4 34.6 36.1 38.1 40.9 43.8 47.0 49.1 51.9
7  3.6  4.3  4.7  4.6  4.4  4.9  5.2  4.5  3.6  5.1  5.5
8  2.5  2.7  2.7  2.6  2.6  2.4  2.3  2.8  2.8  2.9  2.5
9  1.8  2.0  1.6  1.3  2.4  2.5  3.5  2.8  3.5  3.7  4.3
R > direct.tax
2001 2002 2003 2004 2005 2006 2007 2008 2009 2010 2011 
36.6 39.3 47.7 49.8 56.4 62.8 77.1 78.4 72.1 77.9 90.5 
R > indirect.tax
2001 2002 2003 2004 2005 2006 2007 2008 2009 2010 2011 
33.7 40.6 42.4 43.1 45.5 47.9 51.9 53.9 56.9 60.8 64.2 
R > national.tax
   2001  2002  2003  2004  2005  2006  2007  2008  2009  2010  2011
1  95.8 104.0 114.7 117.8 127.5 138.0 161.5 167.3 164.5 177.7 192.4
2  74.0  82.2  92.2  95.3 104.4 113.9 132.5 136.6 136.5 143.5 159.6
3  18.7  19.2  20.8  23.4  24.7  31.0  38.9  36.4  34.4  37.5  42.3
4  17.0  19.2  25.6  24.7  29.8  29.4  35.4  39.2  35.3  37.3  44.9
5   0.9   0.9   1.3   1.7   1.9   2.4   2.8   2.8   2.4   3.1   3.3
6  25.8  31.6  33.4  34.6  36.1  38.1  40.9  43.8  47.0  49.1  51.9
7   3.6   4.3   4.7   4.6   4.4   4.9   5.2   4.5   3.6   5.1   5.5
8   2.5   2.7   2.7   2.6   2.6   2.4   2.3   2.8   2.8   2.9   2.5
9   1.8   2.0   1.6   1.3   2.4   2.5   3.5   2.8   3.5   3.7   4.3
10  1.7   1.9   1.5   2.0   2.1   2.6   3.0   3.8   6.9   4.4   4.2
11 10.5   9.5  10.0  10.1  10.3   9.6  11.5  11.9  10.1  14.0  11.5
12  3.8   3.5   3.7   3.5   3.5   3.4   3.9   4.2   3.8   4.6   4.2
13  1.5   2.1   1.9   2.1   2.5   3.0   3.8   3.8   3.8   3.9   4.9
14  0.0   0.0   0.0   0.0   0.4   1.3   2.4   2.1   1.2   1.0   1.1
15  5.9   6.6   6.8   6.8   6.3   6.9   7.4   8.8   9.2  10.7  11.0
R > rbind(national.tax[2,],direct.tax,indirect.tax,national.tax[10,])
   2001 2002 2003 2004  2005  2006  2007  2008  2009  2010  2011
2  74.0 82.2 92.2 95.3 104.4 113.9 132.5 136.6 136.5 143.5 159.6
21 36.6 39.3 47.7 49.8  56.4  62.8  77.1  78.4  72.1  77.9  90.5
3  33.7 40.6 42.4 43.1  45.5  47.9  51.9  53.9  56.9  60.8  64.2
10  1.7  1.9  1.5  2.0   2.1   2.6   3.0   3.8   6.9   4.4   4.2
R > in.national.item.tax<-rbind(national.tax[2,],direct.tax,indirect.tax,national.tax[10,])
R > in.national.item.tax
   2001 2002 2003 2004  2005  2006  2007  2008  2009  2010  2011
2  74.0 82.2 92.2 95.3 104.4 113.9 132.5 136.6 136.5 143.5 159.6
21 36.6 39.3 47.7 49.8  56.4  62.8  77.1  78.4  72.1  77.9  90.5
3  33.7 40.6 42.4 43.1  45.5  47.9  51.9  53.9  56.9  60.8  64.2
10  1.7  1.9  1.5  2.0   2.1   2.6   3.0   3.8   6.9   4.4   4.2
R > 
R > 
R > direct.item.tax
  2001 2002 2003 2004 2005 2006 2007 2008 2009 2010 2011
1 36.6 39.3 47.7 49.8 56.4 62.8 77.1 78.4 72.1 77.9 90.5
3 18.7 19.2 20.8 23.4 24.7 31.0 38.9 36.4 34.4 37.5 42.3
4 17.0 19.2 25.6 24.7 29.8 29.4 35.4 39.2 35.3 37.3 44.9
5  0.9  0.9  1.3  1.7  1.9  2.4  2.8  2.8  2.4  3.1  3.3
R > 
R > 
R > indirect.item.tax
  2001 2002 2003 2004 2005 2006 2007 2008 2009 2010 2011
1 33.7 40.6 42.4 43.1 45.5 47.9 51.9 53.9 56.9 60.8 64.2
6 25.8 31.6 33.4 34.6 36.1 38.1 40.9 43.8 47.0 49.1 51.9
7  3.6  4.3  4.7  4.6  4.4  4.9  5.2  4.5  3.6  5.1  5.5
8  2.5  2.7  2.7  2.6  2.6  2.4  2.3  2.8  2.8  2.9  2.5
9  1.8  2.0  1.6  1.3  2.4  2.5  3.5  2.8  3.5  3.7  4.3
R > 
R > 
R > 163634/245779
[1] 0.665777
R > ls(patt="tax")
 [1] "direct.item.tax"       "direct.tax"            "in.national.item.tax"  "indirect.item.tax"     "indirect.tax"          "items.tax"             "local.tax"            
 [8] "local.tax.cho"         "national.item.tax"     "national.tax"          "national.vs.local.tax" "tax"                   "tax.cho"               "total.tax"            
R > save(file="tax.rda",list=ls(patt="tax"))
R > 