R > setwd("~/Dropbox/works/생활 속의 통계학/R.WD/")
R > tax<-read.table("tax.txt",header=FALSE,sep="")
R > tax
         V1        V2        V3        V4          V5        V6        V7        V8        V9       V10       V11
1  95792820 103967752 114664218 117795746 127465698.2 138044246 161459124 167305992 164541586 177718351 192381241
2  74027342  82225916  92231159  95276356 104427868.0 113879497 132508138 136556310 136476881 143506090 159601755
3  18662955  19160496  20787302  23434004  24650520.0  31004340  38855971  36355129  34423256  37461850  42287703
4  16975148  19243149  25632684  24678343  29805494.0  29362222  35417342  39154491  35251404  37268222  44872821
5    948392    856163   1315058   1708246   1872827.0   2389292   2841917   2777061   2430313   3076144   3332699
6  25834726  31608756  33447038  34571755  36118641.0  38092857  40941908  43819769  46991507  49121210  51906874
7   3633613   4288222   4732985   4574032   4399528.0   4903453   5161140   4499380   3642025   5065791   5537255
8   2468163   2655001   2726181   2588795   2595099.0   2405598   2262282   2829350   2764092   2878235   2529303
9   1797919   2035805   1606461   1301580   2370525.0   2525685   3468795   2787538   3533932   3667144   4278696
10  1710296   1876415   1525975   1996863   2117241.0   2569144   2970784   3760688   6896637   4445574   4232386
11 10534875   9479279  10000473  10065117  10287765.0   9593771  11463503  11909295  10092007  13970114  11545953
12  3782502   3531576   3651326   3529521   3526591.7   3424545   3861189   4179572   3754232   4645009   4246430
13  1525650   2128893   1931665   2071143   2473007.7   2959664   3800942   3754938   3842039   3901437   4894858
14        0         0         0         0    441327.6   1327511   2414256   2129863   1207102   1028932   1101864
15  5923381   6601282   6847339   6796491   6317689.5   6858419   7410763   8775691   9169127  10666286  10990142
R > tax.cho<-round(tax/1000000,digits=1)
R > tax.cho
     V1    V2    V3    V4    V5    V6    V7    V8    V9   V10   V11
1  95.8 104.0 114.7 117.8 127.5 138.0 161.5 167.3 164.5 177.7 192.4
2  74.0  82.2  92.2  95.3 104.4 113.9 132.5 136.6 136.5 143.5 159.6
3  18.7  19.2  20.8  23.4  24.7  31.0  38.9  36.4  34.4  37.5  42.3
4  17.0  19.2  25.6  24.7  29.8  29.4  35.4  39.2  35.3  37.3  44.9
5   0.9   0.9   1.3   1.7   1.9   2.4   2.8   2.8   2.4   3.1   3.3
6  25.8  31.6  33.4  34.6  36.1  38.1  40.9  43.8  47.0  49.1  51.9
7   3.6   4.3   4.7   4.6   4.4   4.9   5.2   4.5   3.6   5.1   5.5
8   2.5   2.7   2.7   2.6   2.6   2.4   2.3   2.8   2.8   2.9   2.5
9   1.8   2.0   1.6   1.3   2.4   2.5   3.5   2.8   3.5   3.7   4.3
10  1.7   1.9   1.5   2.0   2.1   2.6   3.0   3.8   6.9   4.4   4.2
11 10.5   9.5  10.0  10.1  10.3   9.6  11.5  11.9  10.1  14.0  11.5
12  3.8   3.5   3.7   3.5   3.5   3.4   3.9   4.2   3.8   4.6   4.2
13  1.5   2.1   1.9   2.1   2.5   3.0   3.8   3.8   3.8   3.9   4.9
14  0.0   0.0   0.0   0.0   0.4   1.3   2.4   2.1   1.2   1.0   1.1
15  5.9   6.6   6.8   6.8   6.3   6.9   7.4   8.8   9.2  10.7  11.0
R > dimnames(tax.cho)[[2]]<-paste(2001:2011)
R > tax.cho
   2001  2002  2003  2004  2005  2006  2007  2008  2009  2010  2011
1  95.8 104.0 114.7 117.8 127.5 138.0 161.5 167.3 164.5 177.7 192.4
2  74.0  82.2  92.2  95.3 104.4 113.9 132.5 136.6 136.5 143.5 159.6
3  18.7  19.2  20.8  23.4  24.7  31.0  38.9  36.4  34.4  37.5  42.3
4  17.0  19.2  25.6  24.7  29.8  29.4  35.4  39.2  35.3  37.3  44.9
5   0.9   0.9   1.3   1.7   1.9   2.4   2.8   2.8   2.4   3.1   3.3
6  25.8  31.6  33.4  34.6  36.1  38.1  40.9  43.8  47.0  49.1  51.9
7   3.6   4.3   4.7   4.6   4.4   4.9   5.2   4.5   3.6   5.1   5.5
8   2.5   2.7   2.7   2.6   2.6   2.4   2.3   2.8   2.8   2.9   2.5
9   1.8   2.0   1.6   1.3   2.4   2.5   3.5   2.8   3.5   3.7   4.3
10  1.7   1.9   1.5   2.0   2.1   2.6   3.0   3.8   6.9   4.4   4.2
11 10.5   9.5  10.0  10.1  10.3   9.6  11.5  11.9  10.1  14.0  11.5
12  3.8   3.5   3.7   3.5   3.5   3.4   3.9   4.2   3.8   4.6   4.2
13  1.5   2.1   1.9   2.1   2.5   3.0   3.8   3.8   3.8   3.9   4.9
14  0.0   0.0   0.0   0.0   0.4   1.3   2.4   2.1   1.2   1.0   1.1
15  5.9   6.6   6.8   6.8   6.3   6.9   7.4   8.8   9.2  10.7  11.0
R > dimnames(tax.cho)[[1]]<-c("국세","내국세","소득세","법인세","상속증여세","부가가치세","특별소비세","주세","증권거래세","과년도수입","교통세","교육세","농어촌특별세","종합부동산세","관세")
R > tax.cho
             2001  2002  2003  2004  2005  2006  2007  2008  2009  2010  2011
국세         95.8 104.0 114.7 117.8 127.5 138.0 161.5 167.3 164.5 177.7 192.4
내국세       74.0  82.2  92.2  95.3 104.4 113.9 132.5 136.6 136.5 143.5 159.6
소득세       18.7  19.2  20.8  23.4  24.7  31.0  38.9  36.4  34.4  37.5  42.3
법인세       17.0  19.2  25.6  24.7  29.8  29.4  35.4  39.2  35.3  37.3  44.9
상속증여세    0.9   0.9   1.3   1.7   1.9   2.4   2.8   2.8   2.4   3.1   3.3
부가가치세   25.8  31.6  33.4  34.6  36.1  38.1  40.9  43.8  47.0  49.1  51.9
특별소비세    3.6   4.3   4.7   4.6   4.4   4.9   5.2   4.5   3.6   5.1   5.5
주세          2.5   2.7   2.7   2.6   2.6   2.4   2.3   2.8   2.8   2.9   2.5
증권거래세    1.8   2.0   1.6   1.3   2.4   2.5   3.5   2.8   3.5   3.7   4.3
과년도수입    1.7   1.9   1.5   2.0   2.1   2.6   3.0   3.8   6.9   4.4   4.2
교통세       10.5   9.5  10.0  10.1  10.3   9.6  11.5  11.9  10.1  14.0  11.5
교육세        3.8   3.5   3.7   3.5   3.5   3.4   3.9   4.2   3.8   4.6   4.2
농어촌특별세  1.5   2.1   1.9   2.1   2.5   3.0   3.8   3.8   3.8   3.9   4.9
종합부동산세  0.0   0.0   0.0   0.0   0.4   1.3   2.4   2.1   1.2   1.0   1.1
관세          5.9   6.6   6.8   6.8   6.3   6.9   7.4   8.8   9.2  10.7  11.0
R > tax.cho$tax.items<-c("국세","내국세","소득세","법인세","상속증여세","부가가치세","특별소비세","주세","증권거래세","과년도수입","교통세","교육세","농어촌특별세","종합부동산세","관세")
R > dimnames(tax.cho)[[1]]<-c("")
다음에 오류가 있습니다`dimnames<-.data.frame`(`*tmp*`, value = list("", c("2001", "2002",  : 
  invalid 'dimnames' given for data frame
R > dimnames(tax.cho)[[1]]<-""
다음에 오류가 있습니다`dimnames<-.data.frame`(`*tmp*`, value = list("", c("2001", "2002",  : 
  invalid 'dimnames' given for data frame
R > dimnames(tax.cho)[[1]]<-NULL
다음에 오류가 있습니다`dimnames<-.data.frame`(`*tmp*`, value = list(c("2001", "2002",  : 
  invalid 'dimnames' given for data frame
R > str(tax.cho)
'data.frame':	15 obs. of  12 variables:
 $ 2001     : num  95.8 74 18.7 17 0.9 25.8 3.6 2.5 1.8 1.7 ...
 $ 2002     : num  104 82.2 19.2 19.2 0.9 31.6 4.3 2.7 2 1.9 ...
 $ 2003     : num  114.7 92.2 20.8 25.6 1.3 ...
 $ 2004     : num  117.8 95.3 23.4 24.7 1.7 ...
 $ 2005     : num  127.5 104.4 24.7 29.8 1.9 ...
 $ 2006     : num  138 113.9 31 29.4 2.4 ...
 $ 2007     : num  161.5 132.5 38.9 35.4 2.8 ...
 $ 2008     : num  167.3 136.6 36.4 39.2 2.8 ...
 $ 2009     : num  164.5 136.5 34.4 35.3 2.4 ...
 $ 2010     : num  177.7 143.5 37.5 37.3 3.1 ...
 $ 2011     : num  192.4 159.6 42.3 44.9 3.3 ...
 $ tax.items: chr  "국세" "내국세" "소득세" "법인세" ...
R > tax.cho
             2001  2002  2003  2004  2005  2006  2007  2008  2009  2010  2011    tax.items
국세         95.8 104.0 114.7 117.8 127.5 138.0 161.5 167.3 164.5 177.7 192.4         국세
내국세       74.0  82.2  92.2  95.3 104.4 113.9 132.5 136.6 136.5 143.5 159.6       내국세
소득세       18.7  19.2  20.8  23.4  24.7  31.0  38.9  36.4  34.4  37.5  42.3       소득세
법인세       17.0  19.2  25.6  24.7  29.8  29.4  35.4  39.2  35.3  37.3  44.9       법인세
상속증여세    0.9   0.9   1.3   1.7   1.9   2.4   2.8   2.8   2.4   3.1   3.3   상속증여세
부가가치세   25.8  31.6  33.4  34.6  36.1  38.1  40.9  43.8  47.0  49.1  51.9   부가가치세
특별소비세    3.6   4.3   4.7   4.6   4.4   4.9   5.2   4.5   3.6   5.1   5.5   특별소비세
주세          2.5   2.7   2.7   2.6   2.6   2.4   2.3   2.8   2.8   2.9   2.5         주세
증권거래세    1.8   2.0   1.6   1.3   2.4   2.5   3.5   2.8   3.5   3.7   4.3   증권거래세
과년도수입    1.7   1.9   1.5   2.0   2.1   2.6   3.0   3.8   6.9   4.4   4.2   과년도수입
교통세       10.5   9.5  10.0  10.1  10.3   9.6  11.5  11.9  10.1  14.0  11.5       교통세
교육세        3.8   3.5   3.7   3.5   3.5   3.4   3.9   4.2   3.8   4.6   4.2       교육세
농어촌특별세  1.5   2.1   1.9   2.1   2.5   3.0   3.8   3.8   3.8   3.9   4.9 농어촌특별세
종합부동산세  0.0   0.0   0.0   0.0   0.4   1.3   2.4   2.1   1.2   1.0   1.1 종합부동산세
관세          5.9   6.6   6.8   6.8   6.3   6.9   7.4   8.8   9.2  10.7  11.0         관세
R > dimnames(tax.cho)[[1]]<-1:15
R > tax.cho
   2001  2002  2003  2004  2005  2006  2007  2008  2009  2010  2011    tax.items
1  95.8 104.0 114.7 117.8 127.5 138.0 161.5 167.3 164.5 177.7 192.4         국세
2  74.0  82.2  92.2  95.3 104.4 113.9 132.5 136.6 136.5 143.5 159.6       내국세
3  18.7  19.2  20.8  23.4  24.7  31.0  38.9  36.4  34.4  37.5  42.3       소득세
4  17.0  19.2  25.6  24.7  29.8  29.4  35.4  39.2  35.3  37.3  44.9       법인세
5   0.9   0.9   1.3   1.7   1.9   2.4   2.8   2.8   2.4   3.1   3.3   상속증여세
6  25.8  31.6  33.4  34.6  36.1  38.1  40.9  43.8  47.0  49.1  51.9   부가가치세
7   3.6   4.3   4.7   4.6   4.4   4.9   5.2   4.5   3.6   5.1   5.5   특별소비세
8   2.5   2.7   2.7   2.6   2.6   2.4   2.3   2.8   2.8   2.9   2.5         주세
9   1.8   2.0   1.6   1.3   2.4   2.5   3.5   2.8   3.5   3.7   4.3   증권거래세
10  1.7   1.9   1.5   2.0   2.1   2.6   3.0   3.8   6.9   4.4   4.2   과년도수입
11 10.5   9.5  10.0  10.1  10.3   9.6  11.5  11.9  10.1  14.0  11.5       교통세
12  3.8   3.5   3.7   3.5   3.5   3.4   3.9   4.2   3.8   4.6   4.2       교육세
13  1.5   2.1   1.9   2.1   2.5   3.0   3.8   3.8   3.8   3.9   4.9 농어촌특별세
14  0.0   0.0   0.0   0.0   0.4   1.3   2.4   2.1   1.2   1.0   1.1 종합부동산세
15  5.9   6.6   6.8   6.8   6.3   6.9   7.4   8.8   9.2  10.7  11.0         관세
R > tax.cho[,c(12,1:11)]
      tax.items 2001  2002  2003  2004  2005  2006  2007  2008  2009  2010  2011
1          국세 95.8 104.0 114.7 117.8 127.5 138.0 161.5 167.3 164.5 177.7 192.4
2        내국세 74.0  82.2  92.2  95.3 104.4 113.9 132.5 136.6 136.5 143.5 159.6
3        소득세 18.7  19.2  20.8  23.4  24.7  31.0  38.9  36.4  34.4  37.5  42.3
4        법인세 17.0  19.2  25.6  24.7  29.8  29.4  35.4  39.2  35.3  37.3  44.9
5    상속증여세  0.9   0.9   1.3   1.7   1.9   2.4   2.8   2.8   2.4   3.1   3.3
6    부가가치세 25.8  31.6  33.4  34.6  36.1  38.1  40.9  43.8  47.0  49.1  51.9
7    특별소비세  3.6   4.3   4.7   4.6   4.4   4.9   5.2   4.5   3.6   5.1   5.5
8          주세  2.5   2.7   2.7   2.6   2.6   2.4   2.3   2.8   2.8   2.9   2.5
9    증권거래세  1.8   2.0   1.6   1.3   2.4   2.5   3.5   2.8   3.5   3.7   4.3
10   과년도수입  1.7   1.9   1.5   2.0   2.1   2.6   3.0   3.8   6.9   4.4   4.2
11       교통세 10.5   9.5  10.0  10.1  10.3   9.6  11.5  11.9  10.1  14.0  11.5
12       교육세  3.8   3.5   3.7   3.5   3.5   3.4   3.9   4.2   3.8   4.6   4.2
13 농어촌특별세  1.5   2.1   1.9   2.1   2.5   3.0   3.8   3.8   3.8   3.9   4.9
14 종합부동산세  0.0   0.0   0.0   0.0   0.4   1.3   2.4   2.1   1.2   1.0   1.1
15         관세  5.9   6.6   6.8   6.8   6.3   6.9   7.4   8.8   9.2  10.7  11.0
R > dimnames(tax.cho)[[2]][12]<-"세목"
R > tax.cho[,c(12,1:11)]
           세목 2001  2002  2003  2004  2005  2006  2007  2008  2009  2010  2011
1          국세 95.8 104.0 114.7 117.8 127.5 138.0 161.5 167.3 164.5 177.7 192.4
2        내국세 74.0  82.2  92.2  95.3 104.4 113.9 132.5 136.6 136.5 143.5 159.6
3        소득세 18.7  19.2  20.8  23.4  24.7  31.0  38.9  36.4  34.4  37.5  42.3
4        법인세 17.0  19.2  25.6  24.7  29.8  29.4  35.4  39.2  35.3  37.3  44.9
5    상속증여세  0.9   0.9   1.3   1.7   1.9   2.4   2.8   2.8   2.4   3.1   3.3
6    부가가치세 25.8  31.6  33.4  34.6  36.1  38.1  40.9  43.8  47.0  49.1  51.9
7    특별소비세  3.6   4.3   4.7   4.6   4.4   4.9   5.2   4.5   3.6   5.1   5.5
8          주세  2.5   2.7   2.7   2.6   2.6   2.4   2.3   2.8   2.8   2.9   2.5
9    증권거래세  1.8   2.0   1.6   1.3   2.4   2.5   3.5   2.8   3.5   3.7   4.3
10   과년도수입  1.7   1.9   1.5   2.0   2.1   2.6   3.0   3.8   6.9   4.4   4.2
11       교통세 10.5   9.5  10.0  10.1  10.3   9.6  11.5  11.9  10.1  14.0  11.5
12       교육세  3.8   3.5   3.7   3.5   3.5   3.4   3.9   4.2   3.8   4.6   4.2
13 농어촌특별세  1.5   2.1   1.9   2.1   2.5   3.0   3.8   3.8   3.8   3.9   4.9
14 종합부동산세  0.0   0.0   0.0   0.0   0.4   1.3   2.4   2.1   1.2   1.0   1.1
15         관세  5.9   6.6   6.8   6.8   6.3   6.9   7.4   8.8   9.2  10.7  11.0

R > local.tax<-read.table("local_tax.csv",header=TRUE,sep=",")
R > local.tax
       X2001      X2002      X2003      X2004      X2005      X2006      X2007      X2008      X2009      X2010      X2011
1 26,664,879 31,525,744 33,132,943 34,201,705 35,977,359 41,293,702 43,524,289 45,479,732 45,167,790 49,159,805 52,300,144
R > local.tax[,12]<-"지방세"
R > local.tax
       X2001      X2002      X2003      X2004      X2005      X2006      X2007      X2008      X2009      X2010      X2011    V12
1 26,664,879 31,525,744 33,132,943 34,201,705 35,977,359 41,293,702 43,524,289 45,479,732 45,167,790 49,159,805 52,300,144 지방세
R > dimnames(local.tax)[[2]]<-dimnames(tax.cho)[[2]]
R > local.tax
        2001       2002       2003       2004       2005       2006       2007       2008       2009       2010       2011   세목
1 26,664,879 31,525,744 33,132,943 34,201,705 35,977,359 41,293,702 43,524,289 45,479,732 45,167,790 49,159,805 52,300,144 지방세
R > local.tax.cho<-round(local.tax/1000000,digits=1)
다음에 오류가 있습니다FUN(left, right) : 이항연산자에 수치가 아닌 인수입니다
R > local.tax.cho[,1:11]<-round(local.tax[,1:11]/1000000,digits=1)
다음에 오류가 있습니다FUN(left, right) : 이항연산자에 수치가 아닌 인수입니다
R > str(local.tax)
'data.frame':	1 obs. of  12 variables:
 $ 2001: chr "26,664,879"
 $ 2002: chr "31,525,744"
 $ 2003: chr "33,132,943"
 $ 2004: chr "34,201,705"
 $ 2005: chr "35,977,359"
 $ 2006: chr "41,293,702"
 $ 2007: chr "43,524,289"
 $ 2008: chr "45,479,732"
 $ 2009: chr "45,167,790"
 $ 2010: chr "49,159,805"
 $ 2011: chr "52,300,144"
 $ 세목: chr "지방세"
R > local.tax<-read.table("local_tax.csv",header=TRUE,sep=",")
R > str(local.tax)
'data.frame':	1 obs. of  11 variables:
 $ X2001: chr "26,664,879"
 $ X2002: chr "31,525,744"
 $ X2003: chr "33,132,943"
 $ X2004: chr "34,201,705"
 $ X2005: chr "35,977,359"
 $ X2006: chr "41,293,702"
 $ X2007: chr "43,524,289"
 $ X2008: chr "45,479,732"
 $ X2009: chr "45,167,790"
 $ X2010: chr "49,159,805"
 $ X2011: chr "52,300,144"
R > local.tax<-read.table("local_tax.txt",header=TRUE,sep="")
경고메시지:
In read.table("local_tax.txt", header = TRUE, sep = "") :
  'local_tax.txt'에서 readTableHeader에 의하여 발견된 완성되지 않은 마지막 라인입니다
R > local.tax<-read.table("local_tax.txt",header=TRUE,sep="")
R > local.tax
     X2001    X2002    X2003    X2004    X2005    X2006    X2007    X2008    X2009    X2010    X2011
1 26664879 31525744 33132943 34201705 35977359 41293702 43524289 45479732 45167790 49159805 52300144
R > local.tax.cho<-round(local.tax/1000000,digits=1)
R > local.tax
     X2001    X2002    X2003    X2004    X2005    X2006    X2007    X2008    X2009    X2010    X2011
1 26664879 31525744 33132943 34201705 35977359 41293702 43524289 45479732 45167790 49159805 52300144
R > local.tax/1000000
     X2001    X2002    X2003   X2004    X2005   X2006    X2007    X2008    X2009   X2010    X2011
1 26.66488 31.52574 33.13294 34.2017 35.97736 41.2937 43.52429 45.47973 45.16779 49.1598 52.30014
R > local.tax.cho<-round(local.tax/1000000,digits=1)
R > local.tax
     X2001    X2002    X2003    X2004    X2005    X2006    X2007    X2008    X2009    X2010    X2011
1 26664879 31525744 33132943 34201705 35977359 41293702 43524289 45479732 45167790 49159805 52300144
R > str(local.tax)
'data.frame':	1 obs. of  11 variables:
 $ X2001: int 26664879
 $ X2002: int 31525744
 $ X2003: int 33132943
 $ X2004: int 34201705
 $ X2005: int 35977359
 $ X2006: int 41293702
 $ X2007: int 43524289
 $ X2008: int 45479732
 $ X2009: int 45167790
 $ X2010: int 49159805
 $ X2011: int 52300144
R > local.tax.cho<-round(local.tax/1000000.0,digits=1)
R > local.tax
     X2001    X2002    X2003    X2004    X2005    X2006    X2007    X2008    X2009    X2010    X2011
1 26664879 31525744 33132943 34201705 35977359 41293702 43524289 45479732 45167790 49159805 52300144
R > round(local.tax/1000000,digits=1)
  X2001 X2002 X2003 X2004 X2005 X2006 X2007 X2008 X2009 X2010 X2011
1  26.7  31.5  33.1  34.2    36  41.3  43.5  45.5  45.2  49.2  52.3
R > local.tax<-round(local.tax/1000000,digits=1)
R > local.tax
  X2001 X2002 X2003 X2004 X2005 X2006 X2007 X2008 X2009 X2010 X2011
1  26.7  31.5  33.1  34.2    36  41.3  43.5  45.5  45.2  49.2  52.3
R > national.tax<-tax.cho[,1:11]
R > national.tax
   2001  2002  2003  2004  2005  2006  2007  2008  2009  2010  2011
1  95.8 104.0 114.7 117.8 127.5 138.0 161.5 167.3 164.5 177.7 192.4
2  74.0  82.2  92.2  95.3 104.4 113.9 132.5 136.6 136.5 143.5 159.6
3  18.7  19.2  20.8  23.4  24.7  31.0  38.9  36.4  34.4  37.5  42.3
4  17.0  19.2  25.6  24.7  29.8  29.4  35.4  39.2  35.3  37.3  44.9
5   0.9   0.9   1.3   1.7   1.9   2.4   2.8   2.8   2.4   3.1   3.3
6  25.8  31.6  33.4  34.6  36.1  38.1  40.9  43.8  47.0  49.1  51.9
7   3.6   4.3   4.7   4.6   4.4   4.9   5.2   4.5   3.6   5.1   5.5
8   2.5   2.7   2.7   2.6   2.6   2.4   2.3   2.8   2.8   2.9   2.5
9   1.8   2.0   1.6   1.3   2.4   2.5   3.5   2.8   3.5   3.7   4.3
10  1.7   1.9   1.5   2.0   2.1   2.6   3.0   3.8   6.9   4.4   4.2
11 10.5   9.5  10.0  10.1  10.3   9.6  11.5  11.9  10.1  14.0  11.5
12  3.8   3.5   3.7   3.5   3.5   3.4   3.9   4.2   3.8   4.6   4.2
13  1.5   2.1   1.9   2.1   2.5   3.0   3.8   3.8   3.8   3.9   4.9
14  0.0   0.0   0.0   0.0   0.4   1.3   2.4   2.1   1.2   1.0   1.1
15  5.9   6.6   6.8   6.8   6.3   6.9   7.4   8.8   9.2  10.7  11.0
R > dimnames(local.tax)[[2]]<-dimnames(national.tax)[[2]]
R > total.tax<-rbind(national.tax,local.tax)
R > total.tax
   2001  2002  2003  2004  2005  2006  2007  2008  2009  2010  2011
1  95.8 104.0 114.7 117.8 127.5 138.0 161.5 167.3 164.5 177.7 192.4
2  74.0  82.2  92.2  95.3 104.4 113.9 132.5 136.6 136.5 143.5 159.6
3  18.7  19.2  20.8  23.4  24.7  31.0  38.9  36.4  34.4  37.5  42.3
4  17.0  19.2  25.6  24.7  29.8  29.4  35.4  39.2  35.3  37.3  44.9
5   0.9   0.9   1.3   1.7   1.9   2.4   2.8   2.8   2.4   3.1   3.3
6  25.8  31.6  33.4  34.6  36.1  38.1  40.9  43.8  47.0  49.1  51.9
7   3.6   4.3   4.7   4.6   4.4   4.9   5.2   4.5   3.6   5.1   5.5
8   2.5   2.7   2.7   2.6   2.6   2.4   2.3   2.8   2.8   2.9   2.5
9   1.8   2.0   1.6   1.3   2.4   2.5   3.5   2.8   3.5   3.7   4.3
10  1.7   1.9   1.5   2.0   2.1   2.6   3.0   3.8   6.9   4.4   4.2
11 10.5   9.5  10.0  10.1  10.3   9.6  11.5  11.9  10.1  14.0  11.5
12  3.8   3.5   3.7   3.5   3.5   3.4   3.9   4.2   3.8   4.6   4.2
13  1.5   2.1   1.9   2.1   2.5   3.0   3.8   3.8   3.8   3.9   4.9
14  0.0   0.0   0.0   0.0   0.4   1.3   2.4   2.1   1.2   1.0   1.1
15  5.9   6.6   6.8   6.8   6.3   6.9   7.4   8.8   9.2  10.7  11.0
16 26.7  31.5  33.1  34.2  36.0  41.3  43.5  45.5  45.2  49.2  52.3
R > direct.tax<-apply(total.tax[3:5,],2,sum)
R > direct.tax
2001 2002 2003 2004 2005 2006 2007 2008 2009 2010 2011 
36.6 39.3 47.7 49.8 56.4 62.8 77.1 78.4 72.1 77.9 90.5 
R > rbind(direct.tax,total.tax[3:5,])
  2001 2002 2003 2004 2005 2006 2007 2008 2009 2010 2011
1 36.6 39.3 47.7 49.8 56.4 62.8 77.1 78.4 72.1 77.9 90.5
3 18.7 19.2 20.8 23.4 24.7 31.0 38.9 36.4 34.4 37.5 42.3
4 17.0 19.2 25.6 24.7 29.8 29.4 35.4 39.2 35.3 37.3 44.9
5  0.9  0.9  1.3  1.7  1.9  2.4  2.8  2.8  2.4  3.1  3.3
R > indirect.tax<-apply(total.tax[6:9,],2,sum)
R > rbind(indirect.tax,total.tax[6:9,])
  2001 2002 2003 2004 2005 2006 2007 2008 2009 2010 2011
1 33.7 40.6 42.4 43.1 45.5 47.9 51.9 53.9 56.9 60.8 64.2
6 25.8 31.6 33.4 34.6 36.1 38.1 40.9 43.8 47.0 49.1 51.9
7  3.6  4.3  4.7  4.6  4.4  4.9  5.2  4.5  3.6  5.1  5.5
8  2.5  2.7  2.7  2.6  2.6  2.4  2.3  2.8  2.8  2.9  2.5
9  1.8  2.0  1.6  1.3  2.4  2.5  3.5  2.8  3.5  3.7  4.3
R > ls()
 [1] "a"                 "cx"                "direct.tax"        "gdp"               "gdp_capita"        "gini"              "grdp_gw"           "grdp_gw_capita"    "grdp_yg"          
[10] "indirect.tax"      "indx"              "jobs"              "jobs.bus"          "jobs.kr"           "jobs.specialty"    "jobs.village"      "legend.gini"       "local.tax"        
[19] "local.tax.cho"     "n"                 "national.tax"      "p"                 "p.x"               "pop_gw"            "rate.gdp"          "rate.grdp"         "rate.grdp_yg"     
[28] "revenue"           "revenue.bus"       "revenue.specialty" "s"                 "tax"               "tax.cho"           "total.tax"         "v"                 "x"                
[37] "x.euro2010"        "x.usa2010"         "x.usa2030"         "y"                 "y.euro2010"        "y.usa2010"         "y.usa2030"         "year"             
R > national.vs.local.tax<-total.tax[c(1,16),]
R > national.vs.local.tax
   2001  2002  2003  2004  2005  2006  2007  2008  2009  2010  2011
1  95.8 104.0 114.7 117.8 127.5 138.0 161.5 167.3 164.5 177.7 192.4
16 26.7  31.5  33.1  34.2  36.0  41.3  43.5  45.5  45.2  49.2  52.3
R > national.item.tax<-national.tax[c(1,2,10:15),]
R > national.item.tax<-national.tax[c(1,2,11:15,10),]
R > national.item.tax
   2001  2002  2003  2004  2005  2006  2007  2008  2009  2010  2011
1  95.8 104.0 114.7 117.8 127.5 138.0 161.5 167.3 164.5 177.7 192.4
2  74.0  82.2  92.2  95.3 104.4 113.9 132.5 136.6 136.5 143.5 159.6
11 10.5   9.5  10.0  10.1  10.3   9.6  11.5  11.9  10.1  14.0  11.5
12  3.8   3.5   3.7   3.5   3.5   3.4   3.9   4.2   3.8   4.6   4.2
13  1.5   2.1   1.9   2.1   2.5   3.0   3.8   3.8   3.8   3.9   4.9
14  0.0   0.0   0.0   0.0   0.4   1.3   2.4   2.1   1.2   1.0   1.1
15  5.9   6.6   6.8   6.8   6.3   6.9   7.4   8.8   9.2  10.7  11.0
10  1.7   1.9   1.5   2.0   2.1   2.6   3.0   3.8   6.9   4.4   4.2
R > ls(patt="tax")
 [1] "direct.tax"            "indirect.tax"          "local.tax"             "local.tax.cho"         "national.item.tax"     "national.tax"          "national.vs.local.tax"
 [8] "tax"                   "tax.cho"               "total.tax"            
R > direct.tax
2001 2002 2003 2004 2005 2006 2007 2008 2009 2010 2011 
36.6 39.3 47.7 49.8 56.4 62.8 77.1 78.4 72.1 77.9 90.5 
R > indirect.item.tax<-rbind(indirect.tax,total.tax[6:9,])
R > direct.item.tax<-rbind(direct.tax,total.tax[3:5,])
R > ls(patt="tax")
 [1] "direct.item.tax"       "direct.tax"            "indirect.item.tax"     "indirect.tax"          "local.tax"             "local.tax.cho"         "national.item.tax"    
 [8] "national.tax"          "national.vs.local.tax" "tax"                   "tax.cho"               "total.tax"            
R > tax
         V1        V2        V3        V4          V5        V6        V7        V8        V9       V10       V11
1  95792820 103967752 114664218 117795746 127465698.2 138044246 161459124 167305992 164541586 177718351 192381241
2  74027342  82225916  92231159  95276356 104427868.0 113879497 132508138 136556310 136476881 143506090 159601755
3  18662955  19160496  20787302  23434004  24650520.0  31004340  38855971  36355129  34423256  37461850  42287703
4  16975148  19243149  25632684  24678343  29805494.0  29362222  35417342  39154491  35251404  37268222  44872821
5    948392    856163   1315058   1708246   1872827.0   2389292   2841917   2777061   2430313   3076144   3332699
6  25834726  31608756  33447038  34571755  36118641.0  38092857  40941908  43819769  46991507  49121210  51906874
7   3633613   4288222   4732985   4574032   4399528.0   4903453   5161140   4499380   3642025   5065791   5537255
8   2468163   2655001   2726181   2588795   2595099.0   2405598   2262282   2829350   2764092   2878235   2529303
9   1797919   2035805   1606461   1301580   2370525.0   2525685   3468795   2787538   3533932   3667144   4278696
10  1710296   1876415   1525975   1996863   2117241.0   2569144   2970784   3760688   6896637   4445574   4232386
11 10534875   9479279  10000473  10065117  10287765.0   9593771  11463503  11909295  10092007  13970114  11545953
12  3782502   3531576   3651326   3529521   3526591.7   3424545   3861189   4179572   3754232   4645009   4246430
13  1525650   2128893   1931665   2071143   2473007.7   2959664   3800942   3754938   3842039   3901437   4894858
14        0         0         0         0    441327.6   1327511   2414256   2129863   1207102   1028932   1101864
15  5923381   6601282   6847339   6796491   6317689.5   6858419   7410763   8775691   9169127  10666286  10990142
R > items.tax<-c("국세","내국세","소득세","법인세","상속증여세","부가가치세","특별소비세","주세","증권거래세","과년도수입","교통세","교육세","농어촌특별세","종합부동산세","관세","지방세")
R > items.tax
 [1] "국세"         "내국세"       "소득세"       "법인세"       "상속증여세"   "부가가치세"   "특별소비세"   "주세"         "증권거래세"   "과년도수입"   "교통세"       "교육세"      
[13] "농어촌특별세" "종합부동산세" "관세"         "지방세"      
R > save("tax.rda",list=ls(patt="tax"))
다음에 오류가 있습니다save("tax.rda", list = ls(patt = "tax")) : 
  객체 ‘tax.rda’를 찾을 수 없습니다
R > save(file="tax.rda",list=ls(patt="tax"))
R > ls(patt="tax")
 [1] "direct.item.tax"       "direct.tax"            "indirect.item.tax"     "indirect.tax"          "items.tax"             "local.tax"             "local.tax.cho"        
 [8] "national.item.tax"     "national.tax"          "national.vs.local.tax" "tax"                   "tax.cho"               "total.tax"            
R > 